error_max_u:0.00134645
error_L2_u:0.000595412
errorH1_u:0.00331493
