i:0
 L2norm: 0.00893422
i:1
 L2norm: 0.00912524
i:2
 L2norm: 0.00902927
i:3
 L2norm: 0.00902901
