StepH:0.0625
StepT: 0.00195312
Theta: 1
error_max_u:0.000227485
error_max_p:0.0539031
error_L2_u:5.91359e-05
error_L2_p:0.00718343
errorH1_u:0.00369567
errorH1_p:0.637286
