time:0  min:6.98765e-37
error_max_u:8.22204
error_max_v:2.13234
error_L2_u:0.315441
error_L2_v:0.156583
errorH1_u:32.8295
errorH1_v:14.5169
