time:0  min:6.98765e-37
error_max_u:2.13787
error_max_v:0.570987
error_L2_u:0.0663481
error_L2_v:0.0401509
errorH1_u:11.0053
errorH1_v:7.35397
