C:70
N:16
error_max_u:0.523979
error_max_v:0.589391
error_L2_u:0.0581524
error_L2_v:0.0416819
errorH1_u:10.4421
errorH1_v:7.35753
