StepH: 0.0625
StepT: 0.00195312
Theta: 1
error_max_u:0.000227202
error_max_p:0.0539043
error_L2_u:5.91449e-05
error_L2_p:0.0071763
errorH1_u:0.00369043
errorH1_p:0.637225
