StepH: 0.125
StepT: 0.015625
Theta: 1
error_max_u:0.00213697
error_max_p:0.467362
error_L2_u:0.000554818
error_L2_p:0.0881162
errorH1_u:0.0148903
errorH1_p:1.3651
