StepH:0.03125
StepT: 0.00390625
Theta: 0.5
error_max_u:2.85617e-05
error_max_p:0.0226676
error_L2_u:7.45381e-06
error_L2_p:0.00648321
errorH1_u:0.000856775
errorH1_p:0.31317
